NE_ID;SOVEREIGNT;ADM0_A3_US;Risk;Exposure;Hazard;Vulnerbility
1159320319;Afghanistan;AFG;54,85140856;62;34;42
1159320323;Angola;AGO;50,01259131;62;22;42
1159320325;Albania;ALB;30,80600025;36;18;36
1159320329;United Arab Emirates;ARE;38,9545019;61;5;34
1159320331;Argentina;ARG;21,75272822;29;1;40
1159320333;Armenia;ARM;25,686755;39;2;34
1159320355;Australia;AUS;53,79142079;27;44;64
1159320363;Australia;AUS;53,79142079;27;44;64
1159320379;Austria;AUT;31,67692953;23;34;35
1159320381;Azerbaijan;AZE;25,26785368;37;4;35
1159320387;Burundi;BDI;55,4600509;44;22;73
1159320389;Belgium;BEL;30,43303639;22;34;34
1159320399;Benin;BEN;44,93229293;46;35;35
1159320405;Burkina Faso;BFA;59,9686431;44;38;69
1159320407;Bangladesh;BGD;65,84418476;67;26;70
1159320409;Bulgaria;BGR;22,94893911;31;1;39
1159320413;Bahrain;BHR;29,57125789;40;1;38
1159320417;Bosnia and Herzegovina;BIH;16,07372125;27;3;35
1159320427;Belarus;BLR;21,52612345;32;0;36
1159320439;Bolivia;BOL;40,70605028;34;7;64
1159320441;Brazil;BRA;25,82067045;33;4;40
1159320453;Bhutan;BTN;41,91212191;38;14;56
1159320461;Botswana;BWA;41,96403246;38;7;60
1159320463;Central African Republic;CAF;64,65099007;53;42;68
1159320467;Canada;CAN;29,00472035;24;34;30
1159320471;China;CHN;54,34982082;39;28;71
1159320491;Switzerland;CHE;27,71835685;22;34;30
1159320493;Chile;CHL;34,62729291;30;3;60
1159320507;Ivory Coast;CIV;45,93635253;48;32;38
1159320509;Cameroon;CMR;38,31311714;51;13;37
1159320517;Colombia;COL;24,43958773;34;4;37
1159320521;Comoros;COM;39,13664878;43;21;40
1159320523;Cabo Verde;CPV;40,16409252;38;5;57
1159320525;Costa Rica;CRI;12,7222635;29;3;29
1159320527;Cuba;CUB;24,33765121;42;3;30
1159320531;Northern Cyprus;CYP;17,88936288;35;1;29
1159320533;Cyprus;CYP;17,88936288;35;1;29
1159320535;Czechia;CZE;36,39930385;28;34;38
1159320539;Germany;DEU;28,06910375;18;34;34
1159320541;Djibouti;DJI;52,01429666;43;56;32
1159320547;Denmark;DNK;24,95944076;20;34;28
1159320563;Dominican Republic;DOM;28,99399888;39;3;38
1159320565;Algeria;DZA;25,81122138;33;7;39
1159320567;Ecuador;ECU;28,36500518;37;4;39
1159320575;Egypt;EGY;34,15856837;38;14;42
1159320581;Eritrea;ERI;47,41893913;47;34;40
1159320587;Spain;ESP;17,3599862;26;3;38
1159320615;Estonia;EST;34,41527067;29;0;62
1159320617;Ethiopia;ETH;68,87560218;72;36;66
1159320623;Finland;FIN;28,29898431;25;34;28
1159320637;France;FRA;46,06148507;19;34;67
1159320693;Gabon;GAB;26,47347445;39;9;33
1159320713;United Kingdom;GBR;30,33886792;24;34;32
1159320779;Georgia;GEO;16,07372125;35;3;27
1159320793;Ghana;GHA;50,92616349;47;13;64
1159320795;Guinea;GIN;62,72271616;48;41;69
1159320797;Gambia;GMB;56,16514966;49;28;63
1159320799;Guinea-Bissau;GNB;60,97165076;60;33;59
1159320811;Greece;GRC;19,68477136;30;1;36
1159320815;Guatemala;GTM;29,71719048;37;13;37
1159320817;Guyana;GUY;54,31954238;38;30;70
1159320827;Honduras;HND;26,99598087;35;10;37
1159320833;Croatia;HRV;17,68959839;28;1;36
1159320839;Haiti;HTI;37,25845748;44;21;36
1159320841;Hungary;HUN;20,47745839;30;1;37
1159320845;Indonesia;IDN;53,16103847;47;2;73
1159320847;India;IND;57,11157929;46;26;71
1159320877;Ireland;IRL;32,19409922;27;34;32
1159320881;Iran;IRN;42,34456182;29;16;70
1159320887;Iraq;IRQ;54,99332358;37;31;72
1159320895;Israel;ISR;19,90078281;30;3;36
1159320917;Iceland;ISL;27,61375364;25;34;27
1159320919;Italy;ITA;19,52318913;25;0;43
1159320931;Jamaica;JAM;40,73781115;34;9;63
1159320935;Jordan;JOR;40,00397101;34;2;64
1159320937;Japan;JPN;29,24018099;20;34;34
1159320967;Kazakhstan;KAZ;27,27443846;36;1;39
1159320971;Kenya;KEN;50,33052105;49;32;46
1159320977;Kyrgyzstan;KGZ;25,16437788;37;7;34
1159320979;Cambodia;KHM;60,86432226;48;31;74
1159320985;South Korea;KOR;54,75117823;36;34;69
1159321009;Kuwait;KWT;22,51457897;36;2;33
1159321011;Laos;LAO;38,13561432;49;17;36
1159321013;Lebanon;LBN;25,77317618;35;2;38
1159321015;Liberia;LBR;66,68926322;66;38;64
1159321017;Libya;LBY;34,25141496;41;5;43
1159321025;Sri Lanka;LKA;30,65234542;38;10;39
1159321027;Lesotho;LSO;37,72160574;49;24;30
1159321029;Lithuania;LTU;20,60690448;31;0;36
1159321031;Luxembourg;LUX;32,79912847;29;34;31
1159321033;Latvia;LVA;21,60142379;33;0;35
1159321035;Morocco;MAR;27,75543391;37;10;36
1159321045;Moldova;MDA;23,3054938;33;2;37
1159321051;Madagascar;MDG;32,03441164;40;18;34
1159321055;Mexico;MEX;30,15648774;36;2;43
1159321061;Macedonia;MKD;18,22861331;32;2;32
1159321063;Mali;MLI;60,74801436;44;40;69
1159321065;Malta;MLT;10,38482615;26;2;30
1159321067;Myanmar;MMR;52,90243734;45;14;71
1159321069;Montenegro;MNE;16,307614;31;1;31
1159321071;Mongolia;MNG;45,60093223;39;10;65
1159321073;Mozambique;MOZ;63,75291196;55;35;70
1159321075;Mauritania;MRT;60,28481973;51;38;62
1159321079;Mauritius;MUS;44,08229004;41;3;61
1159321081;Malawi;MWI;72,98776623;69;51;68
1159321083;Malaysia;MYS;46,79267578;41;3;67
1159321085;Namibia;NAM;42,91647523;36;45;31
1159321087;Niger;NER;62,17696688;52;68;36
1159321089;Nigeria;NGA;61,56985741;57;21;73
1159321091;Nicaragua;NIC;28,04665758;34;11;39
1159321101;Netherlands;NLD;28,55685114;20;34;33
1159321109;Norway;NOR;23,52127475;19;34;27
1159321121;Nepal;NPL;54,43108205;53;16;63
1159321129;New Zealand;COK;24,09240284;25;34;22
1159321151;Oman;OMN;24,82548607;33;2;39
1159321153;Pakistan;PAK;64,97187026;62;26;73
1159321161;Panama;PAN;41,81558637;33;3;70
1159321163;Peru;PER;27,28235643;34;9;39
1159321169;Philippines;PHL;30,56228559;41;4;38
1159321173;Papua New Guinea;PNG;51,9975907;39;26;67
1159321179;Poland;POL;18,1159967;31;1;33
1159321181;North Korea;PRK;47,66856622;66;8;42
1159321187;Portugal;PRT;12,41667365;27;2;31
1159321195;Paraguay;PRY;33,5793056;42;5;41
1159321197;Qatar;QAT;19,43925356;33;4;32
1159321199;Romania;ROU;25,70789391;38;1;35
1159321201;Russia;RUS;25,48987754;33;1;40
1159321219;Rwanda;RWA;50,33025258;52;18;54
1159321225;Saudi Arabia;SAU;23,3758493;36;2;34
1159321229;Sudan;SDN;62,52506457;51;31;75
1159321235;South Sudan;SDS;56,02843949;63;39;39
1159321243;Senegal;SEN;55,05942068;45;28;65
1159321247;Singapore;SGP;40,53407819;37;1;60
1159321251;Sierra Leone;SLE;56,58694231;45;31;66
1159321253;El Salvador;SLV;22,40966713;32;6;36
1159321259;Somaliland;SOM;81,14054337;99;76;40
1159321261;Somalia;SOM;81,14054337;99;76;40
1159321267;Republic of Serbia;SRB;20,47745839;30;1;37
1159321273;S+úo Tom+¬ and Principe;STP;41,18599002;39;3;58
1159321281;Suriname;SUR;19,43925356;33;4;32
1159321283;Slovakia;SVK;50,58326064;28;34;68
1159321285;Slovenia;SVN;12,9951107;26;0;33
1159321287;Sweden;SWE;27,15428118;20;34;31
1159321291;Seychelles;SYC;18,27075799;41;2;25
1159321295;Syria;SYR;26,56025352;38;11;33
1159321301;Chad;TCD;75,65782453;69;58;70
1159321303;Togo;TGO;37,48875878;45;19;37
1159321305;Thailand;THA;46,49395443;33;16;73
1159321307;Tajikistan;TJK;32,12198028;38;18;36
1159321309;Turkmenistan;TKM;43,91226358;64;0;39
1159321313;East Timor;TLS;53,83942388;51;16;64
1159321321;Trinidad and Tobago;TTO;19,92437919;33;1;33
1159321327;Tunisia;TUN;25,08354431;34;9;36
1159321331;Turkey;TUR;26,41791213;34;2;40
1159321337;United Republic of Tanzania;TZA;47,63774542;62;17;41
1159321343;Uganda;UGA;63,56008845;63;14;75
1159321345;Ukraine;UKR;26,45945451;35;1;39
1159321353;Uruguay;URY;6,262718099;26;2;26
1159321369;United States of America;USA;23,9365423;10;34;34
1159321405;Uzbekistan;UZB;27,90649988;35;1;41
1159321411;Venezuela;VEN;35,22528884;45;2;41
1159321417;Vietnam;VNM;29,91542904;36;8;41
1159321425;Yemen;YEM;65,04102594;64;23;73
1159321431;South Africa;ZAF;47,3080323;35;12;75
1159321439;Zambia;ZMB;62,69943558;67;21;65
1159321441;Zimbabwe;ZWE;37,8830332;52;7;38
